56 : [55, 57, 75, 76, 77, 5, 55, 79, 92, 93, 40, 72]
55 : [39, 56, 58, 56, 40, 6, 72]
57 : [5, 56]
75 : [56, 74, 76, 79]
76 : [56, 75, 78]
77 : [56, 78]
5 : [6, 57, 6, 56]
79 : [73, 75, 91, 92, 56, 95, 92]
92 : [78, 79, 94, 56, 113, 93, 79]
93 : [78, 94, 56, 92, 113]
40 : [20, 21, 23, 38, 41, 53, 55, 38, 55, 8, 13, 56, 72]
72 : [58, 59, 71, 73, 80, 81, 71, 55, 97, 95, 40, 56, 60, 109]
39 : [7, 21, 22, 23, 55]
58 : [55, 72, 73, 74]
6 : [1, 5, 7, 5, 8, 55]
74 : [58, 73, 75]
78 : [76, 77, 92, 93]
73 : [58, 72, 74, 79, 80]
91 : [79, 90, 95]
95 : [90, 91, 112, 72, 79, 111, 113]
94 : [92, 93, 113]
113 : [94, 112, 111, 95, 92, 93]
20 : [9, 21, 23, 38, 40, 41, 53]
21 : [7, 8, 20, 22, 23, 38, 39, 40, 41, 53]
23 : [20, 21, 38, 39, 40, 41, 53]
38 : [20, 21, 23, 24, 37, 40, 41, 53, 9, 11, 40]
41 : [20, 21, 23, 38, 40, 42, 53]
53 : [20, 21, 23, 38, 40, 41, 42, 53, 54]
8 : [3, 7, 9, 21, 6, 9, 13, 40]
13 : [12, 24, 19, 11, 26, 42, 8, 30, 40]
59 : [54, 60, 71, 72]
71 : [59, 60, 72, 82, 60, 72, 83]
80 : [72, 73, 89, 90]
81 : [72, 82, 88, 89]
97 : [87, 88, 96, 109, 110, 111, 72, 83, 109]
60 : [52, 59, 61, 71, 83, 42, 61, 71, 83, 30, 69, 72]
109 : [86, 97, 98, 84, 100, 72, 69]
7 : [2, 6, 8, 21, 22, 39]
22 : [6, 7, 21, 39]
1 : [2, 6]
90 : [80, 89, 91, 95, 111]
112 : [95, 111, 113]
111 : [89, 90, 110, 112, 113, 97]
9 : [4, 8, 10, 20, 8, 11, 38]
24 : [10, 11, 38]
37 : [12, 25, 38, 42]
11 : [10, 12, 24, 9, 13, 38]
42 : [36, 37, 41, 43, 52, 13, 60]
54 : [53, 55, 59]
3 : [2, 4, 8]
12 : [11, 13, 37]
19 : [13, 27]
26 : [25, 27, 36, 13, 28, 44]
30 : [17, 29, 35, 46, 13, 60, 69]
82 : [71, 81, 83, 88]
83 : [60, 82, 84, 87, 60, 71, 97]
89 : [80, 81, 90, 96, 111]
88 : [81, 82, 97]
87 : [83, 97]
96 : [89, 97, 110]
110 : [96, 97, 111]
52 : [42, 60]
61 : [44, 60, 62, 60, 44, 84]
69 : [63, 64, 68, 85, 101, 65, 63, 100, 107, 30, 60, 105, 109]
86 : [84, 99, 109]
98 : [99, 108, 109]
84 : [70, 83, 86, 109, 63, 61]
100 : [85, 101, 108, 69, 109]
2 : [1, 3, 7]
4 : [3, 9]
10 : [9, 11, 24]
25 : [26, 37]
36 : [26, 42, 43, 44]
43 : [36, 42, 44, 60]
27 : [26, 19, 28]
28 : [15, 27, 45, 26, 35, 45]
44 : [36, 43, 45, 51, 61, 26, 45, 61]
17 : [16, 18, 30]
29 : [16, 30, 46]
35 : [30, 31, 28, 47, 33, 18]
46 : [29, 30, 45, 47, 49]
62 : [51, 61, 63, 70]
63 : [49, 50, 51, 62, 64, 69, 70, 45, 69, 84]
64 : [49, 63, 65, 68, 69]
68 : [64, 67, 69, 102]
85 : [69, 99, 100]
101 : [69, 100, 102, 107]
65 : [49, 64, 66, 67, 47, 69, 67]
107 : [101, 106, 108, 69, 105]
105 : [103, 104, 106, 67, 107, 69]
99 : [70, 85, 86, 98, 108]
108 : [98, 99, 100, 107]
70 : [62, 63, 84, 99]
15 : [14, 28]
45 : [28, 44, 46, 50, 28, 44, 47, 63]
51 : [44, 50, 62, 63]
16 : [17, 29]
18 : [17, 31, 32, 33, 35]
31 : [18, 32, 35]
47 : [35, 46, 48, 35, 45, 65]
33 : [32, 34, 48, 18, 35, 67]
49 : [46, 50, 65, 63, 64]
50 : [45, 49, 51, 63]
67 : [65, 68, 103, 65, 33, 69, 105]
102 : [68, 101, 103, 106]
66 : [48, 65, 104]
106 : [102, 105, 107]
103 : [67, 102, 105]
104 : [66, 105]
14 : [13, 15]
32 : [18, 33, 35]
48 : [33, 47, 66]
34 : [33, 35]

